1 1 -32.100 66.700 0.000 14431 0 "C1" 0 0 1000 0 0 0 0 0.000
2 1 -42.900 38.700 -90.000 14428 0 "C10" 0 0 1000 0 0 0 0 0.000
3 1 -48.250 34.150 -90.000 9216 0 "C11" 0 0 1000 0 0 0 0 0.000
4 1 -9.870 34.460 0.000 9216 0 "C12" 0 0 1000 0 0 0 0 0.000
5 1 -9.850 37.950 180.000 9216 0 "C13" 0 0 1000 0 0 0 0 0.000
6 1 -19.100 10.950 180.000 14430 0 "C14" 0 0 1000 0 0 0 0 0.000
7 1 -19.100 7.500 180.000 14430 0 "C15" 0 0 1000 0 0 0 0 0.000
8 1 -55.400 19.150 180.000 14430 0 "C16" 0 0 1000 0 0 0 0 0.000
9 1 -57.900 14.050 90.000 14432 0 "C17" 0 0 1000 0 0 0 0 0.000
10 1 -30.050 14.850 0.000 499 0 "C18" 0 0 1000 0 0 0 0 0.000
11 1 -30.450 34.500 180.000 14432 0 "C19" 0 0 1000 0 0 0 0 0.000
12 1 -31.650 31.750 90.000 6606 0 "C20" 0 0 1000 0 0 0 0 0.000
13 1 -30.100 26.300 0.000 499 0 "C21" 0 0 1000 0 0 0 0 0.000
14 1 -30.100 25.050 0.000 14432 0 "C22" 0 0 1000 0 0 0 0 0.000
15 1 -30.050 16.150 0.000 14432 0 "C23" 0 0 1000 0 0 0 0 0.000
16 1 -62.200 8.200 -90.000 14432 0 "C24" 0 0 1000 0 0 0 0 0.000
17 1 -44.900 30.550 0.000 6606 0 "C25" 0 0 1000 0 0 0 0 0.000
18 1 -44.900 28.700 180.000 6606 0 "C26" 0 0 1000 0 0 0 0 0.000
19 1 -61.950 13.950 0.000 14432 0 "C27" 0 0 1000 0 0 0 0 0.000
20 1 -18.150 34.300 180.000 14332 0 "C4" 0 0 1000 0 0 0 0 0.000
21 1 -10.100 13.400 -90.000 14332 0 "C5" 0 0 1000 0 0 0 0 0.000
22 1 -13.000 50.800 180.000 14429 0 "C7" 0 0 1000 0 0 0 0 0.000
23 1 -8.300 21.550 -90.000 14428 0 "C8" 0 0 1000 0 0 0 0 0.000
24 1 -13.300 64.950 0.000 14428 0 "C9" 0 0 1000 0 0 0 0 0.000
25 1 -18.050 65.050 -90.000 14444 0 "FB1" 0 0 1000 0 0 0 0 0.000
26 1 -8.450 65.100 -90.000 14444 0 "FB2" 0 0 1000 0 0 0 0 0.000
27 1 -60.100 8.700 90.000 11244 0 "L1" 0 0 1000 0 0 0 0 0.000
28 1 -15.600 8.700 90.000 11244 0 "L2" 0 0 1000 0 0 0 0 0.000
29 1 -45.500 34.200 90.000 0 0 "L3" 0 0 0 0 0 0 0 0.000
30 1 -59.650 14.800 -90.000 14443 0 "LED1" 0 0 1000 0 0 0 0 0.000
31 1 -51.100 31.500 -90.000 14443 0 "LED2" 0 0 1000 0 0 0 0 0.000
32 1 -34.850 32.350 -90.000 14443 0 "LED3" 0 0 1000 0 0 0 0 0.000
33 1 -14.750 31.970 180.000 11255 0 "Q1" 0 0 1000 0 0 0 0 0.000
34 1 -48.200 30.550 0.000 14437 0 "Q10" 0 0 1000 0 0 0 0 0.000
35 1 -48.200 28.700 180.000 14437 0 "Q11" 0 0 1000 0 0 0 0 0.000
36 1 -61.000 61.850 180.000 14438 0 "Q12" 0 0 1000 0 0 0 0 0.000
37 1 -61.000 65.350 0.000 14438 0 "Q13" 0 0 1000 0 0 0 0 0.000
38 1 -60.950 68.800 180.000 14438 0 "Q14" 0 0 1000 0 0 0 0 0.000
39 1 -18.610 31.980 0.000 4437 0 "Q2" 0 0 1000 0 0 0 0 0.000
40 1 -37.450 28.650 0.000 14437 0 "Q21" 0 0 1000 0 0 0 0 0.000
41 1 -33.000 29.250 90.000 14437 0 "Q22" 0 0 1000 0 0 0 0 0.000
42 1 -31.750 45.350 180.000 0 0 "Q23" 0 0 0 0 0 0 0 0.000
43 1 -31.750 48.600 0.000 0 0 "Q24" 0 0 0 0 0 0 0 0.000
44 1 -31.750 54.850 180.000 0 0 "Q25" 0 0 0 0 0 0 0 0.000
45 1 -59.400 74.700 0.000 14438 0 "Q27" 0 0 1000 0 0 0 0 0.000
46 1 -31.950 68.850 180.000 14436 0 "Q28" 0 0 1000 0 0 0 0 0.000
47 1 -60.550 20.350 -90.000 8398 0 "Q29" 0 0 1000 0 0 0 0 0.000
48 1 -9.950 41.150 0.000 14434 0 "Q3" 0 0 1000 0 0 0 0 0.000
49 1 -43.750 62.000 90.000 0 0 "Q31" 0 0 0 0 0 0 0 0.000
50 1 -45.500 62.000 90.000 0 0 "Q32" 0 0 0 0 0 0 0 0.000
51 1 -47.300 62.000 90.000 0 0 "Q33" 0 0 0 0 0 0 0 0.000
52 1 -12.550 58.750 0.000 11246 0 "Q4" 0 0 1000 0 0 0 0 0.000
53 1 -18.000 60.750 180.000 14435 0 "Q5" 0 0 1000 0 0 0 0 0.000
54 1 -12.750 10.400 -90.000 11247 0 "Q6" 0 0 1000 0 0 0 0 0.000
55 1 -7.900 9.800 90.000 14433 0 "Q7" 0 0 1000 0 0 0 0 0.000
56 1 -36.600 62.400 180.000 8398 0 "Q8" 0 0 1000 0 0 0 0 0.000
57 1 -32.350 63.750 180.000 8398 0 "Q9" 0 0 1000 0 0 0 0 0.000
58 1 -18.000 36.600 180.000 14422 0 "R1" 0 0 1000 0 0 0 0 0.000
59 1 -14.250 34.300 180.000 11252 0 "R10" 0 0 1000 0 0 0 0 0.000
60 1 -18.200 57.800 0.000 13439 0 "R11" 0 0 1000 0 0 0 0 0.000
61 1 -10.100 9.650 -90.000 11252 0 "R12" 0 0 1000 0 0 0 0 0.000
62 1 -60.850 11.650 90.000 14426 0 "R13" 0 0 1000 0 0 0 0 0.000
63 1 -32.650 73.000 -90.000 14423 0 "R16" 0 0 1000 0 0 0 0 0.000
64 1 -29.800 73.050 -90.000 14423 0 "R17" 0 0 1000 0 0 0 0 0.000
65 1 -52.850 28.450 0.000 14424 0 "R18" 0 0 1000 0 0 0 0 0.000
66 1 -49.100 71.550 -90.000 14423 0 "R19" 0 0 1000 0 0 0 0 0.000
67 1 -19.700 44.550 90.000 11262 0 "R2" 0 0 1000 0 0 0 0 0.000
68 1 -51.850 71.550 -90.000 14423 0 "R20" 0 0 1000 0 0 0 0 0.000
69 1 -40.300 62.650 180.000 11258 0 "R22" 0 0 1000 0 0 0 0 0.000
70 1 -62.500 16.150 90.000 14427 0 "R23" 0 0 1000 0 0 0 0 0.000
71 1 -62.250 11.100 -90.000 14425 0 "R24" 0 0 1000 0 0 0 0 0.000
72 1 -61.400 16.150 90.000 14424 0 "R26" 0 0 1000 0 0 0 0 0.000
73 1 -16.700 44.400 180.000 11261 0 "R3" 0 0 1000 0 0 0 0 0.000
74 1 -27.750 35.750 180.000 14424 0 "R33" 0 0 1000 0 0 0 0 0.000
75 1 -30.800 29.350 180.000 14424 0 "R34" 0 0 1000 0 0 0 0 0.000
76 1 -30.800 35.750 180.000 14424 0 "R35" 0 0 1000 0 0 0 0 0.000
77 1 -32.700 34.500 180.000 14426 0 "R36" 0 0 1000 0 0 0 0 0.000
78 1 -26.500 38.500 -90.000 14424 0 "R37" 0 0 1000 0 0 0 0 0.000
79 1 -14.250 36.600 0.000 11253 0 "R4" 0 0 1000 0 0 0 0 0.000
80 1 -13.290 39.710 90.000 11260 0 "R5" 0 0 1000 0 0 0 0 0.000
81 1 -16.400 50.800 0.000 11259 0 "R6" 0 0 1000 0 0 0 0 0.000
82 1 -19.700 50.500 -90.000 11258 0 "R7" 0 0 1000 0 0 0 0 0.000
83 1 -19.700 54.250 -90.000 11257 0 "R8" 0 0 1000 0 0 0 0 0.000
84 1 -10.350 51.650 -90.000 14421 0 "R9" 0 0 1000 0 0 0 0 0.000
85 1 -16.500 21.400 90.000 0 0 "TR1" 0 0 0 0 0 0 0 0.000
86 1 -36.200 20.500 90.000 0 0 "TR2" 0 0 0 0 0 0 0 0.000
87 1 -47.300 20.500 90.000 0 0 "TR3" 0 0 0 0 0 0 0 0.000
88 1 -16.600 40.650 180.000 14439 0 "U1" 0 0 1000 0 0 0 0 0.000
89 1 -14.750 53.500 90.000 14440 0 "U2" 0 0 1000 0 0 0 0 0.000
90 1 -28.300 20.800 180.000 11191 0 "U3" 0 0 1000 0 0 0 0 0.000
91 1 -28.900 31.900 90.000 14441 0 "U4" 0 0 1000 0 0 0 0 0.000
92 1 -53.000 59.000 135.000 14446 0 "U5" 0 0 1000 0 0 0 0 0.000
93 1 -55.350 15.600 0.000 14442 0 "U6" 0 0 1000 0 0 0 0 0.000
94 1 -23.800 10.550 90.000 0 0 "X0" 0 0 0 0 0 0 0 0.000
95 1 -55.500 69.170 90.000 0 0 "X1" 0 0 0 0 0 0 0 0.000
96 1 -45.970 69.170 90.000 0 0 "X2" 0 0 0 0 0 0 0 0.000
97 1 -36.470 69.120 90.000 0 0 "X3" 0 0 0 0 0 0 0 0.000
98 1 -26.920 69.170 90.000 0 0 "X4" 0 0 0 0 0 0 0 0.000
99 1 -17.370 69.170 90.000 0 0 "X5" 0 0 0 0 0 0 0 0.000
100 1 -7.870 69.120 90.000 0 0 "X6" 0 0 0 0 0 0 0 0.000
101 1 -45.970 49.170 90.000 0 0 "X7" 0 0 0 0 0 0 0 0.000
102 1 -36.470 49.170 90.000 0 0 "X8" 0 0 0 0 0 0 0 0.000
103 1 -26.920 49.170 90.000 0 0 "X9" 0 0 0 0 0 0 0 0.000
104 1 -33.153 39.900 0.000 14448 0 "Q26" 0 0 1000 0 0 0 0 0.000