IDNUM NAME EX LNAME FA FB FC FD FE FF FG FH FI FJ REELS CHIP Shape MCOND DCOND DCOND2 ICOND SKIP A PACK PACKB SSIZE RETRY ESTOP ThrowAway LandA LandB LandC LandD PreSend NoArrange Proved UsePeriod C CoverSize Teach C2 RETRYCOUNT ESTOPCOUNT RETRYCOUNT2 SICOND HRMCOND HPICOND SL InCOND FeederEX MSD NPI LCR REELTYPECHG FEEDLENCHG
499 "1014274" 0 "Main_Library" 302161 302481 337561 338361 350961 0 0 0 0 0 1 195 499 499 0 0 0 0 0.000 90 0 0 3 3 0 0 0 0 0 0 0 0 0 "0402C" 0 2 "" 0 3 1 0 0 0 "" 0 0 0 0 0 0 0
4437 "1030539" 0 "Main_Library" 302182 302502 337582 338382 0 0 0 0 0 0 1 1071 4437 4437 0 0 0 0 0.000 90 0 0 3 3 0 0 0 0 0 0 0 0 0 "SOD-523(SC-79)" 0 2 "" 0 3 1 0 0 0 "" 0 0 0 0 0 0 0
6606 "1038864" 0 "Main_Library" 302162 302482 337562 338362 350962 0 0 0 0 0 1 1614 6606 6606 0 0 0 0 0.000 90 0 0 3 3 0 0 0 0 0 0 0 0 0 "0603C" 0 2 "" 0 3 1 0 0 0 "" 0 0 0 0 0 0 0
8398 "1045999" 0 "Main_Library" 302182 302502 337582 338382 0 0 0 0 0 0 1 0 8398 8398 0 0 0 0 90.000 0 0 0 3 3 0 0 0 0 0 0 0 0 0 "SOT-23" 0 2 "" 0 3 1 0 0 0 "" 0 0 0 0 0 0 0
9216 "1047864" 0 "Main_Library" 302182 302502 337582 338382 0 0 0 0 0 0 1 0 9216 9216 0 0 0 0 0.000 0 0 0 1 3 0 0 0 0 0 0 0 0 0 "1210C" 0 2 "" 0 3 1 0 0 0 "" 0 0 0 0 0 0 0
11191 "1051205" 0 "Main_Library" 302983 0 0 0 0 0 0 0 0 0 1 0 11191 11191 0 0 0 0 0.000 0 0 0 3 3 0 0 0 0 0 0 0 0 0 "QSOP-16" 0 2 "" 0 3 1 0 0 0 "" 0 0 0 0 0 0 0
11244 "1051210" 0 "Main_Library" 302162 302482 337562 338362 350962 0 0 0 0 0 1 0 11244 11244 0 0 0 0 0.000 0 0 0 3 3 0 0 0 0 0 0 0 0 0 "0805L(BLM21P)" 0 2 "" 0 3 1 0 0 0 "" 0 0 0 0 0 0 0
11246 "1051201" 0 "Main_Library" 302823 0 0 0 0 0 0 0 0 0 1 0 11246 11246 0 0 0 0 90.000 0 0 0 3 3 0 0 0 0 0 0 0 0 0 "DI5060-8" 0 2 "" 0 3 1 0 0 0 "" 0 0 0 0 0 0 0
11247 "1051200" 0 "Main_Library" 302182 302502 337582 338382 0 0 0 0 0 0 1 0 11247 11247 0 0 0 0 0.000 0 0 0 3 3 0 0 0 0 0 0 0 0 0 "POWERDI123" 0 2 "" 0 3 1 0 0 0 "" 0 0 0 0 0 0 0
11252 "1051178" 0 "Main_Library" 302182 302502 337582 338382 0 0 0 0 0 0 1 0 11252 11252 0 0 0 0 0.000 0 0 0 3 3 0 0 0 0 0 0 0 0 0 "MMU0102" 0 2 "" 0 3 1 0 0 0 "" 0 0 0 0 0 0 0
11253 "1051177" 0 "Main_Library" 302182 302502 337582 338382 0 0 0 0 0 0 1 0 11253 11253 0 0 0 0 0.000 0 0 0 3 3 0 0 0 0 0 0 0 0 0 "MMU0102" 0 1 "" 0 3 1 0 0 0 "" 0 0 0 0 0 0 0
11255 "1051175" 0 "Main_Library" 302182 302502 337582 338382 0 0 0 0 0 0 1 0 11255 11255 0 0 0 0 0.000 0 0 0 3 3 0 0 0 0 0 0 0 0 0 "POWERDI123" 0 2 "" 0 3 1 0 0 0 "" 0 0 0 0 0 0 0
11257 "1051168" 0 "Main_Library" 302182 302502 337582 338382 0 0 0 0 0 0 1 0 11257 11257 0 0 0 0 0.000 0 0 0 3 3 0 0 0 0 0 0 0 0 0 "MMU0102" 0 2 "" 0 3 1 0 0 0 "" 0 0 0 0 0 0 0
11258 "1051167" 0 "Main_Library" 302182 302502 337582 338382 0 0 0 0 0 0 1 0 11258 11258 0 0 0 0 0.000 0 0 0 3 3 0 0 0 0 0 0 0 0 0 "MMU0102" 0 1 "" 0 3 1 0 0 0 "" 0 0 0 0 0 0 0
11259 "1051166" 0 "Main_Library" 302182 302502 337582 338382 0 0 0 0 0 0 1 0 11259 11259 0 0 0 0 0.000 0 0 0 3 3 0 0 0 0 0 0 0 0 0 "MMU0102" 0 2 "" 0 3 1 0 0 0 "" 0 0 0 0 0 0 0
11260 "1051165" 0 "Main_Library" 302182 302502 337582 338382 0 0 0 0 0 0 1 0 11260 11260 0 0 0 0 0.000 0 0 0 3 3 0 0 0 0 0 0 0 0 0 "MMU0102" 0 2 "" 0 3 1 0 0 0 "" 0 0 0 0 0 0 0
11261 "1051164" 0 "Main_Library" 302182 302502 337582 338382 0 0 0 0 0 0 1 0 11261 11261 0 0 0 0 0.000 0 0 0 3 3 0 0 0 0 0 0 0 0 0 "MMU0102" 0 2 "" 0 3 1 0 0 0 "" 0 0 0 0 0 0 0
11262 "1051163" 0 "Main_Library" 302182 302502 337582 338382 0 0 0 0 0 0 1 0 11262 11262 0 0 0 0 0.000 0 0 0 3 3 0 0 0 0 0 0 0 0 0 "MMU0102" 0 2 "" 0 3 1 0 0 0 "" 0 0 0 0 0 0 0
13439 "1055758" 0 "Main_Library" 302182 302502 337582 338382 0 0 0 0 0 0 1 0 13439 13439 0 0 0 0 0.000 0 0 0 3 3 0 0 0 0 0 0 0 0 0 "MMA0204" 0 2 "" 0 3 1 0 0 0 "" 0 0 0 0 0 0 0
14332 "1058182" 0 "Main_Library" 302162 302482 337562 338362 350962 0 0 0 0 0 1 4334 14332 14332 0 0 0 0 0.000 90 0 0 3 3 0 0 0 0 0 0 0 0 0 "0603C" 0 2 "" 0 3 1 0 0 0 "" 0 0 0 0 0 0 0
14421 "1059304" 0 "Main_Library" 302182 302502 337582 338382 0 0 0 0 0 0 1 0 14421 14421 0 0 0 0 0.000 0 0 0 3 3 0 0 0 0 0 0 0 0 0 "MMU0102" 0 2 "" 0 3 1 0 0 0 "" 0 0 0 0 0 0 0
14422 "1056330" 0 "Main_Library" 302182 302502 337582 338382 0 0 0 0 0 0 1 0 14422 14422 0 0 0 0 0.000 0 0 0 3 3 0 0 0 0 0 0 0 0 0 "MMU0102" 0 2 "" 0 3 1 0 0 0 "" 0 0 0 0 0 0 0
14423 "1056350" 0 "Main_Library" 302182 302502 337582 338382 0 0 0 0 0 0 1 0 14423 14423 0 0 0 0 0.000 0 0 0 3 3 0 0 0 0 0 0 0 0 0 "MMA0204" 0 2 "" 0 3 1 0 0 0 "" 0 0 0 0 0 0 0
14424 "1052040" 0 "Main_Library" 302001 302321 337401 338201 350801 0 0 0 0 0 1 4353 14424 14424 0 0 0 0 0.000 90 0 0 3 3 0 0 0 0 0 0 0 0 0 "0402R" 0 2 "" 0 3 1 0 0 0 "" 0 0 0 0 0 0 0
14425 "1056534" 0 "Main_Library" 302162 302482 337562 338362 350962 0 0 0 0 0 1 0 14425 14425 0 0 0 0 0.000 0 0 0 3 3 0 0 0 0 0 0 0 0 0 "0603R" 0 2 "" 0 3 1 0 0 0 "" 0 0 0 0 0 0 0
14426 "1056357" 0 "Main_Library" 302001 302321 337401 338201 350801 0 0 0 0 0 1 4354 14426 14426 0 0 0 0 0.000 90 0 0 3 3 0 0 0 0 0 0 0 0 0 "0402R" 0 2 "" 0 3 1 0 0 0 "" 0 0 0 0 0 0 0
14427 "1056537" 0 "Main_Library" 302001 302321 337401 338201 350801 0 0 0 0 0 1 4355 14427 14427 0 0 0 0 0.000 90 0 0 3 3 0 0 0 0 0 0 0 0 0 "0402R" 0 2 "" 0 3 1 0 0 0 "" 0 0 0 0 0 0 0
14428 "1056885" 0 "Main_Library" 302982 0 0 0 0 0 0 0 0 0 1 0 14428 14428 0 0 0 0 0.000 0 0 0 3 3 0 0 0 0 0 0 0 0 0 "1808C" 0 2 "" 0 3 1 0 0 0 "" 0 0 0 0 0 0 0
14429 "1056364" 0 "Main_Library" 302162 302482 337562 338362 350962 0 0 0 0 0 1 4356 14429 14429 0 0 0 0 0.000 90 0 0 3 3 0 0 0 0 0 0 0 0 0 "0603C" 0 2 "" 0 3 1 0 0 0 "" 0 0 0 0 0 0 0
14430 "1056365" 0 "Main_Library" 302022 302342 337422 338222 0 0 0 0 0 0 1 0 14430 14430 0 0 0 0 0.000 0 0 0 1 3 0 0 0 0 0 0 0 0 0 "1210C" 0 2 "" 0 3 1 0 0 0 "" 0 0 0 0 0 0 0
14431 "1056370" 0 "Main_Library" 302001 302321 337401 338201 350801 0 0 0 0 0 1 0 14431 14431 0 0 0 0 0.000 0 0 0 3 3 0 0 0 0 0 0 0 0 0 "0402C" 0 2 "" 0 3 1 0 0 0 "" 0 0 0 0 0 0 0
14432 "1056362" 0 "Main_Library" 302001 302321 337401 338201 350801 0 0 0 0 0 1 0 14432 14432 0 0 0 0 0.000 0 0 0 3 3 0 0 0 0 0 0 0 0 0 "0402C" 0 2 "" 0 3 1 0 0 0 "" 0 0 0 0 0 0 0
14433 "1056531" 0 "Main_Library" 302182 302502 337582 338382 0 0 0 0 0 0 1 0 14433 14433 0 0 0 0 0.000 0 0 0 3 3 0 0 0 0 0 0 0 0 0 "DO-219AB" 0 2 "" 0 3 1 0 0 0 "" 0 0 0 0 0 0 0
14434 "1056539" 0 "Main_Library" 302182 302502 337582 338382 0 0 0 0 0 0 1 0 14434 14434 0 0 0 0 0.000 0 0 0 3 3 0 0 0 0 0 0 0 0 0 "DO-219AB" 0 2 "" 0 3 1 0 0 0 "" 0 0 0 0 0 0 0
14435 "1059303" 0 "Main_Library" 302182 302502 337582 338382 0 0 0 0 0 0 1 0 14435 14435 0 0 0 0 0.000 0 0 0 3 3 0 0 0 0 0 0 0 0 0 "SOD-123" 0 2 "" 0 3 1 0 0 0 "" 0 0 0 0 0 0 0
14436 "1059094" 0 "Main_Library" 302182 302502 337582 338382 0 0 0 0 0 0 1 0 14436 14436 0 0 0 0 0.000 0 0 0 3 3 0 0 0 0 0 0 0 0 0 "SOD-123" 0 2 "" 0 3 1 0 0 0 "" 0 0 0 0 0 0 0
14437 "1056344" 0 "Main_Library" 302022 302342 337422 338222 0 0 0 0 0 0 1 0 14437 14437 0 0 0 0 0.000 0 0 0 3 3 0 0 0 0 0 0 0 0 0 "SOD-323" 0 2 "" 0 3 1 0 0 0 "" 0 0 0 0 0 0 0
14438 "1056538" 0 "Main_Library" 302182 302502 337582 338382 0 0 0 0 0 0 1 0 14438 14438 0 0 0 0 0.000 0 0 0 3 3 0 0 0 0 0 0 0 0 0 "SOD-123" 0 2 "" 0 3 1 0 0 0 "" 0 0 0 0 0 0 0
14439 "1056326" 0 "Main_Library" 302823 0 0 0 0 0 0 0 0 0 1 0 14439 14439 0 0 0 0 0.000 0 0 0 3 3 0 0 0 0 0 0 0 0 0 "wson-8" 0 2 "" 0 3 1 0 0 0 "" 0 0 0 0 0 0 0
14440 "1056349" 0 "Main_Library" 302983 0 0 0 0 0 0 0 0 0 1 0 14440 14440 0 0 0 0 0.000 0 0 0 3 3 0 0 0 0 0 0 0 0 0 "MSOP-10" 0 2 "" 0 3 1 0 0 0 "" 0 0 0 0 0 0 0
14441 "1056333" 0 "Main_Library" 302823 0 0 0 0 0 0 0 0 0 1 0 14441 14441 0 0 0 0 0.000 0 0 0 3 3 0 0 0 0 0 0 0 0 0 "VSON-8" 0 2 "" 0 3 1 0 0 0 "" 0 0 0 0 0 0 0
14442 "1059306" 0 "Main_Library" 302182 302502 337582 338382 0 0 0 0 0 0 1 0 14442 14442 0 0 0 0 90.000 0 0 0 3 3 0 0 0 0 0 0 0 0 0 "SOT-23-5" 0 2 "" 0 3 1 0 0 0 "" 0 0 0 0 0 0 0
14443 "1056393" 0 "Main_Library" 302822 0 0 0 0 0 0 0 0 0 1 0 14443 14443 0 0 0 0 0.000 0 0 0 3 3 0 0 0 0 0 0 0 0 0 "KM2520SGC09" 0 2 "" 0 3 1 0 0 0 "" 0 0 0 0 0 0 0
14444 "1056324" 0 "Main_Library" 302182 302502 337582 338382 0 0 0 0 0 0 1 0 14444 14444 0 0 0 0 0.000 0 0 0 3 3 0 0 0 0 0 0 0 0 0 "1206L" 0 2 "" 0 3 1 0 0 0 "" 0 0 0 0 0 0 0
14446 "1056540" 0 "Main_Library" 302823 0 0 0 0 0 0 0 0 0 1 0 14446 14446 0 0 0 0 0.000 0 0 0 3 3 0 0 0 0 0 0 0 0 0 "SOP-4" 0 2 "" 0 3 1 0 0 0 "" 0 0 0 0 0 0 0
14448 "1056352" 0 "Main_Library" 302022 302342 337422 338222 0 0 0 0 0 0 1 0 14448 14448 0 0 0 0 90.000 0 0 0 3 3 0 0 0 0 0 0 0 0 0 "SOT-23" 0 2 "" 0 3 1 0 0 0 "" 0 0 0 0 0 0 0